# Matter power spectrum
######################################################
#
# (0)  Redshift
#      Unit = dimensionless
# (1)  Fourier scale k
#      Unit = 3.240779e-25 cm**-1
#      Unit = 1.000000e-06 pc**-1
#      Unit = 1.000000e+00 Mpc**-1
# (2)  The shot-noise subtracted power
#      Unit = 2.937999e+73 cm**3
#      Unit = 1.000000e+18 pc**3
#      Unit = 1.000000e+00 Mpc**3
# (3)  The shot-noise power (scale-independant)
#      Unit = 2.937999e+73 cm**3
#      Unit = 1.000000e+18 pc**3
#      Unit = 1.000000e+00 Mpc**3
#
#       (0)             (1)             (2)             (3)    
#             z               k            P(k)         P_noise
   127.00000000  5.43396056e-01  3.03513818e+03  9.59345338e+03
   127.00000000  9.49901521e-01  3.70519990e+02  9.59345338e+03
   127.00000000  1.33456087e+00  3.89997920e+02  9.59345338e+03
   127.00000000  1.72904146e+00  5.09744708e+02  9.59345338e+03
   127.00000000  2.17060924e+00 -9.92244897e+02  9.59345338e+03
   127.00000000  2.60678720e+00 -1.01267790e+03  9.59345338e+03
   127.00000000  3.01122928e+00  1.37699084e+02  9.59345338e+03
   127.00000000  3.41717052e+00  1.95464894e+02  9.59345338e+03
   127.00000000  3.85674047e+00 -8.88707387e+02  9.59345338e+03
   127.00000000  4.29786634e+00 -3.47635604e+02  9.59345338e+03
   127.00000000  4.71000671e+00 -9.66236319e+01  9.59345338e+03
   127.00000000  5.12214375e+00 -7.44784440e+02  9.59345338e+03
   127.00000000  5.55461073e+00  5.01656006e+02  9.59345338e+03
   127.00000000  5.98424387e+00  1.17822189e+02  9.59345338e+03
   127.00000000  6.39424181e+00  4.00859886e+02  9.59345338e+03
   127.00000000  6.81495142e+00 -3.46888811e+02  9.59345338e+03
   127.00000000  7.25232649e+00  3.56443214e+01  9.59345338e+03
   127.00000000  7.68696547e+00 -2.47137409e+02  9.59345338e+03
   127.00000000  8.10589314e+00 -1.84647007e+02  9.59345338e+03
   127.00000000  8.52413368e+00  2.12976916e+02  9.59345338e+03
   127.00000000  8.95573330e+00  1.36907090e+02  9.59345338e+03
   127.00000000  9.38317966e+00  5.26261918e+02  9.59345338e+03
   127.00000000  9.80290508e+00  1.85815682e+02  9.59345338e+03
   127.00000000  1.02233343e+01 -2.45495405e+01  9.59345338e+03
   127.00000000  1.06515999e+01 -3.18260001e+02  9.59345338e+03
   127.00000000  1.10832195e+01 -1.30904709e+02  9.59345338e+03
   127.00000000  1.15090752e+01  1.31782532e+02  9.59345338e+03
   127.00000000  1.19343796e+01  7.29064303e-03  9.59345338e+03
   127.00000000  1.23612289e+01 -1.10169166e+02  9.59345338e+03
   127.00000000  1.27848501e+01  8.43768118e+01  9.59345338e+03
   127.00000000  1.32089167e+01 -2.22068946e+02  9.59345338e+03
   127.00000000  1.36314201e+01  4.64707578e+01  9.59345338e+03
   127.00000000  1.40551777e+01  9.37802308e+01  9.59345338e+03
   127.00000000  1.44850779e+01 -5.45868918e+01  9.59345338e+03
   127.00000000  1.49116325e+01  2.60250518e+01  9.59345338e+03
   127.00000000  1.53358688e+01  1.53245327e+01  9.59345338e+03
   127.00000000  1.57631903e+01 -2.82714611e+01  9.59345338e+03
   127.00000000  1.61895046e+01  5.94153891e+01  9.59345338e+03
   127.00000000  1.66118984e+01  1.79787292e+01  9.59345338e+03
   127.00000000  1.70355854e+01  9.28373448e+01  9.59345338e+03
   127.00000000  1.74647961e+01 -6.80388497e+01  9.59345338e+03
   127.00000000  1.78926506e+01  1.13706341e+02  9.59345338e+03
   127.00000000  1.83175259e+01  1.69476249e+02  9.59345338e+03
   127.00000000  1.87425613e+01  6.72726797e+01  9.59345338e+03
   127.00000000  1.91700783e+01 -1.73820062e+01  9.59345338e+03
   127.00000000  2.04475708e+01 -1.15029314e+02  9.59345338e+03
   127.00000000  2.21453781e+01 -3.55126269e+01  9.59345338e+03
   127.00000000  2.38465843e+01 -2.06806031e+02  9.59345338e+03
   127.00000000  2.55538292e+01  1.10028457e+02  9.59345338e+03
   127.00000000  2.72620449e+01  2.70110155e+01  9.59345338e+03
   127.00000000  2.89645443e+01  1.26697134e+02  9.59345338e+03
   127.00000000  3.06665840e+01  3.43160816e+02  9.59345338e+03
   127.00000000  3.23728256e+01 -1.18303291e+02  9.59345338e+03
   127.00000000  3.40762024e+01 -9.39668524e+01  9.59345338e+03
   127.00000000  3.57747574e+01  1.31243893e+02  9.59345338e+03
   127.00000000  3.74737663e+01  3.53215800e+02  9.59345338e+03
   127.00000000  3.91813698e+01  4.41922272e+01  9.59345338e+03
   127.00000000  4.08876343e+01 -1.11218029e+02  9.59345338e+03
   127.00000000  4.25875626e+01  1.24680604e+02  9.59345338e+03
   127.00000000  4.42917595e+01  4.05513762e+01  9.59345338e+03
   127.00000000  4.59977531e+01 -1.24094532e+02  9.59345338e+03
   127.00000000  4.77023468e+01  1.77372726e+02  9.59345338e+03
   127.00000000  4.93986282e+01  1.06092653e+02  9.59345338e+03
   127.00000000  5.10959167e+01 -1.42673210e+02  9.59345338e+03
   127.00000000  5.28066177e+01 -1.40512640e+02  9.59345338e+03
   127.00000000  5.45142632e+01  1.87581252e+01  9.59345338e+03
   127.00000000  5.62178879e+01  7.43330491e+01  9.59345338e+03
   127.00000000  5.79201126e+01  6.77091111e+01  9.59345338e+03
   127.00000000  5.96247826e+01 -7.38634399e+01  9.59345338e+03
   127.00000000  6.13300819e+01  9.02854486e+00  9.59345338e+03
   127.00000000  6.30260239e+01 -8.27480601e+01  9.59345338e+03
   127.00000000  6.47275238e+01 -1.22606625e+02  9.59345338e+03
   127.00000000  6.64327698e+01 -2.10594137e+02  9.59345338e+03
   127.00000000  6.81400375e+01  3.91143309e+01  9.59345338e+03
   127.00000000  6.98441772e+01 -1.07016240e+02  9.59345338e+03
   127.00000000  7.15450134e+01  5.42178520e+01  9.59345338e+03
   127.00000000  7.32510147e+01 -2.70647165e+01  9.59345338e+03
   127.00000000  7.49522171e+01  3.44353766e+01  9.59345338e+03
   127.00000000  7.66503296e+01  1.26769203e+02  9.59345338e+03
   127.00000000  7.83510361e+01  9.23231012e+01  9.59345338e+03
   127.00000000  8.17600250e+01 -1.25939695e+02  9.59345338e+03
   127.00000000  8.85779953e+01 -2.22365661e+02  9.59345338e+03
   127.00000000  9.53930664e+01  2.13249705e+02  9.59345338e+03
   127.00000000  1.02202713e+02 -4.58413682e+02  9.59345338e+03
   127.00000000  1.09016975e+02 -2.02348517e+01  9.59345338e+03
   127.00000000  1.15837105e+02  3.18721650e+02  9.59345338e+03
   127.00000000  1.22647285e+02 -5.27150667e+01  9.59345338e+03
   127.00000000  1.29455872e+02 -1.97028339e+02  9.59345338e+03
   127.00000000  1.36269531e+02 -1.08394181e+02  9.59345338e+03
   127.00000000  1.43089828e+02 -1.06153401e+02  9.59345338e+03
   127.00000000  1.49907822e+02  2.10096136e+01  9.59345338e+03
   127.00000000  1.56717484e+02  2.18887064e+02  9.59345338e+03
   127.00000000  1.63530975e+02  8.78075745e+01  9.59345338e+03
   127.00000000  1.70338959e+02  1.80912729e+02  9.59345338e+03
   127.00000000  1.77141541e+02  3.50510294e+01  9.59345338e+03
   127.00000000  1.83945999e+02 -1.66424723e+02  9.59345338e+03
   127.00000000  1.90763474e+02  9.77780156e+01  9.59345338e+03
   127.00000000  1.97595673e+02  1.11272364e+02  9.59345338e+03
   127.00000000  2.04411514e+02  4.25786890e+01  9.59345338e+03
   127.00000000  2.11218445e+02  6.62216774e+01  9.59345338e+03
   127.00000000  2.18030731e+02 -4.07091855e+01  9.59345338e+03
   127.00000000  2.24847656e+02  5.55446788e+01  9.59345338e+03
   127.00000000  2.31666153e+02 -1.24840594e+02  9.59345338e+03
   127.00000000  2.38463715e+02  1.72317223e+02  9.59345338e+03
   127.00000000  2.45278290e+02  1.03639796e+02  9.59345338e+03
   127.00000000  2.52102142e+02 -4.06115618e+01  9.59345338e+03
   127.00000000  2.58908539e+02  1.85351883e+01  9.59345338e+03
   127.00000000  2.65715698e+02  1.14483783e+02  9.59345338e+03
   127.00000000  2.72537811e+02 -4.02475605e+00  9.59345338e+03
   127.00000000  2.79362549e+02  7.84489817e+01  9.59345338e+03
   127.00000000  2.86160645e+02  4.62630552e+01  9.59345338e+03
   127.00000000  2.92964111e+02 -1.08696469e+01  9.59345338e+03
   127.00000000  2.99780487e+02  3.62081199e+01  9.59345338e+03
   127.00000000  3.06602203e+02  4.66128924e+01  9.59345338e+03
   127.00000000  3.13412262e+02  1.30436342e+01  9.59345338e+03
   127.00000000  3.27033142e+02 -3.95817320e+02  9.59345338e+03
   127.00000000  3.54301758e+02  1.92665806e+02  9.59345338e+03
   127.00000000  3.81554169e+02 -3.72548630e+02  9.59345338e+03
   127.00000000  4.08785248e+02 -2.25137347e+02  9.59345338e+03
   127.00000000  4.36034576e+02  3.38125537e+02  9.59345338e+03
   127.00000000  4.63298706e+02  1.90763395e+02  9.59345338e+03
   127.00000000  4.90560852e+02 -9.00747862e+01  9.59345338e+03
   127.00000000  5.17814880e+02  2.80806193e+02  9.59345338e+03
   127.00000000  5.45062805e+02  1.05189797e+02  9.59345338e+03
   127.00000000  5.72329468e+02 -2.87704407e+01  9.59345338e+03
   127.00000000  5.99587708e+02 -1.51900746e+02  9.59345338e+03
   127.00000000  6.26817688e+02  1.38710762e+02  9.59345338e+03
   127.00000000  6.54054016e+02  1.44021416e+02  9.59345338e+03
   127.00000000  6.81298340e+02  1.55469282e+01  9.59345338e+03
   127.00000000  7.08550293e+02 -2.08250036e+01  9.59345338e+03
   127.00000000  7.35802246e+02  9.59499982e+01  9.59345338e+03
   127.00000000  7.63054138e+02 -5.73878649e+00  9.59345338e+03
   127.00000000  7.90306091e+02  7.20806515e+01  9.59345338e+03
   127.00000000  8.17558044e+02 -1.30387278e+02  9.59345338e+03
   127.00000000  8.44809937e+02 -4.32420983e+01  9.59345338e+03
   127.00000000  8.72061890e+02 -8.76267997e+01  9.59345338e+03
   127.00000000  8.99313843e+02 -5.94485372e+01  9.59345338e+03
   127.00000000  9.26565735e+02  9.29987470e+01  9.59345338e+03
   127.00000000  9.53817688e+02 -1.16830909e+01  9.59345338e+03
   127.00000000  9.81069641e+02 -4.68909520e+01  9.59345338e+03
   127.00000000  1.00832153e+03  1.25390683e+02  9.59345338e+03
   127.00000000  1.03557349e+03 -8.99407971e+01  9.59345338e+03
   127.00000000  1.06282544e+03 -1.03779481e+02  9.59345338e+03
   127.00000000  1.09007739e+03 -5.70946317e+01  9.59345338e+03
   127.00000000  1.11732935e+03  8.88090903e+01  9.59345338e+03
   127.00000000  1.14458118e+03 -1.30744261e+02  9.59345338e+03
   127.00000000  1.17183313e+03  9.99289543e+01  9.59345338e+03
   127.00000000  1.19908508e+03  6.86340731e+01  9.59345338e+03
   127.00000000  1.22633704e+03  1.07115055e+02  9.59345338e+03
   127.00000000  1.25358899e+03  2.52412436e+02  9.59345338e+03
